-6.05887086934 -0.0138812054025 -0.046841795868
-6.05519046013 -0.0138957409357 -0.0471960949843
-6.03815681561 -0.0138933592869 -0.0454491725448
-5.99708859569 -0.0139268275714 -0.0489747709666
-5.94226700768 -0.0139778603585 -0.0604870143447
-5.87733217703 -0.014047664036 -0.0634374615693
-5.81228893825 -0.0141292080427 -0.0756464523878
-5.7474002068 -0.0142177657316 -0.0877210555832
-5.66236716502 -0.0143525707591 -0.0950547555715
-5.5974745538 -0.0144713108567 -0.107878074195
-5.5274841176 -0.0146101398468 -0.12483783213
-5.45250094644 -0.0147759236216 -0.132605278456
-5.38265921484 -0.0149516670032 -0.14740928778
-5.31761636138 -0.0151283750341 -0.167990662993
-5.24773250873 -0.0153358098289 -0.174823718859
-5.17773992484 -0.0155687268512 -0.193270679346
-5.11284781712 -0.0157976390478 -0.217398252581
-5.0428138505 -0.0160654662628 -0.22296669875
-4.97282073193 -0.016362057426 -0.248761364836
-4.90297924412 -0.0166790213721 -0.277927852816
-4.83789449544 -0.0169975282709 -0.284087257776
-4.77299941965 -0.0173447170191 -0.31425780573
-4.713056475 -0.0176797818025 -0.345253456122
-4.63807435781 -0.0181374194128 -0.353116437112
-4.56808061184 -0.0185981744719 -0.386647558186
-4.50319107389 -0.0190441873783 -0.422333676516
-4.4282084189 -0.0196014406128 -0.429163223868
-4.35326787435 -0.0202004059287 -0.468940132928
-4.28837951976 -0.0207459098785 -0.510180191521
-4.21834694772 -0.02137308314 -0.516780443994
-4.14835767538 -0.0220439371642 -0.56024727254
-4.08347109318 -0.0226932785937 -0.604693948235
-4.01343916932 -0.0234337198554 -0.607829077286
-3.93850371186 -0.0242736176793 -0.653195220865
-3.87362139421 -0.0250302763784 -0.702468747214
-3.80869023493 -0.0258277609615 -0.706272374436
-3.74365699419 -0.0266689639687 -0.757807643483
-3.67877392048 -0.0275350310746 -0.808609596762
-3.61384997212 -0.0284586479537 -0.817679609795
-3.55392267913 -0.0293409982913 -0.87471274532
-3.48884384905 -0.0303372669541 -0.881276689453
-3.43401806088 -0.0312227582835 -0.939058525717
-3.37898646502 -0.0321266082505 -0.949885335761
-3.31412020772 -0.0332568315191 -1.00562084297
-3.25915429225 -0.0342346025308 -1.06897646508
-3.19422837921 -0.0354496859664 -1.07474413258
-3.13926460662 -0.0365122362167 -1.14142651737
-3.0792893536 -0.037709367717 -1.14647069493
-3.02432983511 -0.0388542532964 -1.21530563808
-2.96945364429 -0.0400199541468 -1.2212738324
-2.90445514373 -0.0414704366434 -1.29172095966
-2.84964489777 -0.0427150249766 -1.35933025534
-2.78458843804 -0.0442682106156 -1.37039521816
-2.73476488643 -0.0452656966788 -1.14228344833
-2.66474290619 -0.0466654648646 -1.14857001793
-2.61007156887 -0.0476140820926 -0.698690952675
-2.55998679568 -0.0482261290479 -0.702919212252
-2.50007137523 -0.0489991963314 -0.7489515828
-2.44520451196 -0.0497181005297 -0.765471833601
-2.38527718023 -0.0505507685988 -0.800161707028
-2.33036841042 -0.0513209079102 -0.799033424379
-2.28051396197 -0.0517936440991 -0.519383124516
-2.23557307299 -0.0522042128659 -0.544697070384
-2.17560946177 -0.0527889552403 -0.56106459332
-2.11570093306 -0.0533873187643 -0.597830623525
-2.05061735276 -0.0540684032138 -0.600703307145
-1.96580252567 -0.0549884330139 -0.630689795732
-1.91084379485 -0.055605346823 -0.674067767223
-1.85580760482 -0.0562540192703 -0.67643193755
-1.80595043731 -0.0568529146188 -0.711372189375
-1.756013753 -0.0574738690418 -0.713438176685
-1.70599514557 -0.0581017971747 -0.741688517138
-1.65110934958 -0.058813687327 -0.744195734377
-1.60109536113 -0.059470785916 -0.774744336382
-1.54621052161 -0.0602142207877 -0.777096007707
-1.49619258995 -0.0608988838735 -0.804607116669
-1.44130803228 -0.0616709606451 -0.807018946687
-1.38138964275 -0.0625268876958 -0.836238425742
-1.32635887151 -0.0633307729462 -0.83785937683
-1.28662086856 -0.0637864175281 -0.481315951901
-1.22663513458 -0.0642919104653 -0.483806875098
-1.17675699201 -0.064721957944 -0.505833254001
-1.131769013 -0.0651198477968 -0.507349669453
-1.07680100748 -0.0656135631518 -0.528271712556
-1.02686333888 -0.0660749059174 -0.530314584355
-0.976992561756 -0.0665432556371 -0.552833077203
-0.921956626968 -0.0670747647261 -0.555369216761
-0.88188905941 -0.0672650383854 -0.0746138709498
-0.836897032922 -0.0673240594997 -0.0759426435285
-0.786976655585 -0.0673906167274 -0.0808592339677
-0.737048424803 -0.0674619976826 -0.0830233533659
-0.692063486007 -0.0675272481854 -0.0844396012025
-0.64199844265 -0.0676047146687 -0.0906326474638
-0.597011322939 -0.0676759396 -0.0910426042021
-0.547282951655 -0.0675020359198 0.292169955025
-0.497345537284 -0.0672456200355 0.296053990692
-0.452382971404 -0.0669994713986 0.331228525204
-0.402293700357 -0.0667088050038 0.333918945962
-0.352385916524 -0.0664056707576 0.371854647885
-0.302446605402 -0.0660802002768 0.374859137725
-0.262404870157 -0.0658139482499 0.400271188957
-0.212500642585 -0.0654529716281 0.416533092158
-0.157473312015 -0.0650468622277 0.44656212863
-0.107563723504 -0.0646470518324 0.460817611162
-0.0625550635508 -0.0642822328284 0.475804610333
-0.00263135175724 -0.0637580556931 0.506355113492
0.0474612621716 -0.0633107713915 0.531048235769
0.107394411661 -0.0627344233214 0.553466444451
0.157289406964 -0.0622443903646 0.595746831767
0.212316748262 -0.0616681437069 0.600790524486
0.262201708075 -0.0611361326824 0.646543370653
0.322182107816 -0.0604569527466 0.649562003289
0.372061756373 -0.0598779013277 0.697520294131
0.427096584958 -0.0592072238749 0.698794248959
0.4670914057 -0.0587132914379 0.740673873072
0.506965961679 -0.0581930556212 0.748013465221
0.547002573595 -0.0576695789645 0.750568852857
0.591911128322 -0.0570659914062 0.785367072255
0.636895631289 -0.0564488047412 0.7868180136
0.681817940215 -0.0558255221429 0.815546484772
0.726805348634 -0.0551846554606 0.816477728289
0.771779967251 -0.0545421515837 0.824184982796
0.821662752074 -0.0538068675005 0.846526046099
0.866648217312 -0.0531410061961 0.850539475396
0.906622478126 -0.052534973656 0.876398856503
0.946656983716 -0.051922595517 0.877928003644
0.986480967831 -0.0513048669051 0.928143553163
1.0265069239 -0.0506524802362 0.934033917071
1.06654356664 -0.0499989294487 0.937498950202
1.10635558291 -0.0493258038822 0.991103755209
1.14639017355 -0.0486328768069 0.992168020964
1.18643485335 -0.0479360991393 1.01409409272
1.22623855597 -0.0472099113586 1.04883560332
1.2662718227 -0.0464762944248 1.05074091134
1.30623265237 -0.0457275829622 1.10592496073
1.34611745867 -0.0449573590086 1.10679240544
1.38616724789 -0.0441820026465 1.11829615784
1.4261121509 -0.0433786158036 1.16354935919
1.46599359041 -0.0425680438615 1.16491540926
1.50595639943 -0.0417463253697 1.21858363794
1.54598665453 -0.0408931904966 1.2213191261
1.58587051143 -0.0400420507521 1.22525884351
1.6258271145 -0.0391648349171 1.27814454957
1.66585738945 -0.0382713319877 1.27925820642
1.70573757532 -0.0373770718243 1.30536333638
1.74569716219 -0.036447007642 1.33571310574
1.78572646074 -0.0355129513106 1.33780875195
1.82553260553 -0.0345664048495 1.39262368045
1.86556264412 -0.0335929936565 1.39347696182
1.90561144272 -0.0326168793185 1.40712047439
1.94539804957 -0.0316164755759 1.45000642548
1.98542483534 -0.0306026948233 1.45143334032
2.02537985964 -0.029579785442 1.50610278061
2.06525796821 -0.0285305535255 1.5076062825
2.10528856333 -0.0274760815001 1.51236161858
2.14523855149 -0.0263979098994 1.56427185567
2.18511370649 -0.0253085670661 1.56541624939
2.22512269128 -0.0242107684587 1.59784580882
2.26509270091 -0.0230801128152 1.62170203907
2.30496714736 -0.0219504965889 1.62402455976
2.34491749393 -0.0207996080959 1.67846784622
2.38502266114 -0.0199028386079 1.11238585997
2.42492344609 -0.0191256937227 1.12865687961
2.46487011315 -0.0183149954156 1.16945198296
2.50490120979 -0.0174971743177 1.17098632784
2.54471302831 -0.0166706944455 1.2263941825
2.58474680685 -0.0158132628548 1.22749552648
2.62478186726 -0.0149544517226 1.23258160771
2.66458984439 -0.014072566464 1.2843831552
2.70461954171 -0.0131746113773 1.28561245775
2.74459997611 -0.0125263672601 0.82433585339
2.78448438353 -0.0119502114798 0.828270370329
2.82451935989 -0.0113706908981 0.830425187071
2.86449627734 -0.0107803973747 0.859101556794
2.90438282087 -0.0101818802494 0.86030689544
2.94440975167 -0.00957950251097 0.868211867136
2.98934414693 -0.00888245934189 0.891132699676
3.02937824473 -0.00825906346161 0.893078166346
3.06920365251 -0.00762932622892 0.922087007322
3.10924007579 -0.00698455340045 0.923273029256
3.14927202846 -0.00633808969504 0.928543179775
3.18910233543 -0.00567829353969 0.952908087318
3.2291357037 -0.00501187968267 0.954444507124
3.26911049189 -0.00433945097166 0.982629610638
3.30899799687 -0.00365480392365 0.983953299039
3.34903234664 -0.00296634945303 0.986964563995
3.38900724953 -0.00226445669477 1.01457937242
3.42889070477 -0.0015576852579 1.01587476414
3.46887273818 -0.000845630965753 1.04068717799
3.50890030941 -0.000115063459236 1.04628082704
3.54878275543 0.000614018421519 1.04833039722
3.58875622754 0.00135501796403 1.07706410419
3.62879032529 0.002108074118 1.07824938401
3.66866691054 0.00285997234461 1.08446540895
3.7086485976 0.00363095560086 1.10771674896
3.74867993886 0.00440555584912 1.1093044457
3.78850293626 0.00518370856001 1.13734304647
3.82853807995 0.00597897408912 1.13858799995
3.86857064214 0.00677551725454 1.14191493359
3.90839330836 0.00758285769053 1.16903503314
3.94842442773 0.00840021516407 1.17035561422
3.98839793055 0.0092206231947 1.19748194098
4.02827975154 0.0100559785851 1.20055043338
4.06831019772 0.0108956192394 1.20275335633
4.10828141784 0.011744917767 1.23117295055
4.14816302009 0.0126024208293 1.23235276211
4.18818031244 0.0134647754905 1.24482264512
4.22814329846 0.0143529600747 1.27606520853
4.26802220337 0.0152418570286 1.2777150841
4.30799287581 0.0161410419693 1.30582742301
4.34802512426 0.017053980029 1.30700734222
4.38790527884 0.0179648176275 1.31065073412
4.42787522492 0.0188932080359 1.33723843157
4.46790356234 0.0198280932283 1.33859033458
4.50772210848 0.0207629066312 1.36650786353
4.54775312078 0.0217181280811 1.36873772139
4.58778157037 0.0226754296538 1.37114136916
4.62758956618 0.0236512919642 1.42597541107
4.66761750819 0.0246481143517 1.42716020285
4.70762864949 0.0256471799567 1.45095326325
4.74745045749 0.0266721932491 1.47629335982
4.78747592277 0.0277043351815 1.47802132867
4.82744319636 0.0287438855491 1.50547469249
4.8673216942 0.0297923408203 1.50661104208
4.90734788169 0.030846229075 1.51069468965
4.94731586126 0.0319140540463 1.53591062174
4.98719064248 0.0329837161842 1.53728603646
5.027154731 0.0340612960507 1.56542449385
5.06718315437 0.035155923909 1.56700268613
5.10705797673 0.0362475374039 1.56954056857
5.14702309151 0.0373544988728 1.5969804093
5.18704760481 0.0384707842951 1.59817803457
5.22689010874 0.0395842812926 1.61438174068
5.26688702291 0.0407196383251 1.62817491745
5.30690969246 0.0418579126575 1.62998090223
5.34670169652 0.0430026716002 1.66961979651
5.38672652696 0.0441697135561 1.67073664981
5.4267482662 0.0453381756442 1.67526394122
5.46656311365 0.0465169791011 1.70054085637
5.50658441572 0.0477056782504 1.70196494746
5.54654504133 0.0488987904387 1.73008663644
5.58649220104 0.050024303629 1.17194145997
5.62654977485 0.0507187211201 0.969113725445
5.66652347701 0.0514185992957 1.01775079608
5.70640694535 0.0521275998402 1.01912174871
5.74645847412 0.0525595739613 0.432006420014
5.78649878678 0.0528628339765 0.434848467701
5.82638616832 0.053166256564 0.436706161354
5.86636897156 0.053479659858 0.4614043384
5.90640906375 0.0538026944811 0.462980482984
5.94628442897 0.0541258166887 0.473434956077
5.98628050837 0.0544650645853 0.490650956203
6.02631776375 0.0548085729326 0.492227393522
6.06615023404 0.0551562233467 0.517680336247
6.10619202472 0.0555186397496 0.519366197737
6.14622912739 0.055882538894 0.52239095052
6.18606437118 0.0562569856354 0.54738941094
6.22610201722 0.0566400141223 0.548870434863
6.26608279183 0.0570251947103 0.575434641754
6.3060766576 0.0571719771977 -0.170569125243
6.34611507574 0.0570524884614 -0.173109492297
6.38612732287 0.0569227039178 -0.194557218989
6.42601868286 0.0567862192394 -0.197256624396
6.4659877159 0.056576795762 -0.689683720851
6.5059520276 0.0558409363257 -1.12945957874
6.54583460092 0.0550539505637 -1.13241538223
6.5857939002 0.0542486920267 -1.19971135344
6.62582769891 0.0534088038434 -1.20312062302
6.66571840316 0.0525703253421 -1.21085719047
6.70566838354 0.0516951894348 -1.27403107843
6.74569920349 0.0508041435028 -1.27685357149
6.78553065328 0.0499088274625 -1.33358541186
6.82553823606 0.0489690311143 -1.34771906798
6.86556920356 0.048026622794 -1.35167347118
6.905373179 0.0470625279081 -1.41846484115
6.94540266948 0.0460703472767 -1.42134260053
6.98545337365 0.0450735925973 -1.44561109579
7.02523639447 0.0440424855892 -1.49224464962
7.06526323629 0.0429990765687 -1.49529207044
7.10521559994 0.0419391555396 -1.56257083059
7.14509338974 0.0408499574559 -1.56577827269
7.1851321101 0.0397547682861 -1.5756996196
7.22507075326 0.0386251966827 -1.63665870006
7.26494507131 0.0374851336579 -1.63946111217
7.30490544645 0.0363324492673 -1.70199944833
7.34491987176 0.0351388537615 -1.71021376432
7.38479489584 0.0339476705448 -1.71452721218
7.42474041977 0.0327255924459 -1.78092959965
7.46476255218 0.0314803115977 -1.78376587155
7.50464795375 0.0302344443907 -1.81185256275
7.54458097068 0.0289457746348 -1.85458464125
7.58460054319 0.0276492650584 -1.85773172152
7.62439445277 0.026340054771 -1.92494545471
7.66441436376 0.0249937850535 -1.92779425523
7.70445081006 0.0236451654578 -1.94060347493
7.74422541586 0.0222672893107 -1.99858648164
7.78424142523 0.0208703755458 -2.00106723387
7.82418509678 0.0194642369825 -2.06680977251
7.86176013885 0.0181076219843 -2.06882150848
7.89231161835 0.0170002768228 -2.08570971681
7.91352531287 0.0162114932636 -2.23041382083
7.92703136601 0.0156990016255 -2.02781781411
7.93216717303 0.0155175625423 -2.01343910109
7.93482533102 0.0154239916819 -2.01618066072
7.93585469464 0.0153876026576 -2.01293264048
7.93585469515 0.0153876042008 -2.01293217852
7.93580925437 0.0153910562249 -1.12553214026
7.93570420365 0.0153941785406 0.856101287226
7.93550519128 0.0153904341253 3.79779392982
7.93590197492 0.015441216105 6.75724806555
7.93808296352 0.015764336595 9.78122346642
7.94027829523 0.0162069710764 12.805420349
7.94241447659 0.0167572435634 15.8454724107
7.94605159336 0.0179150707375 18.8837885173
7.95060952802 0.0196154265412 21.9307157556
7.95473105355 0.0213999455459 24.8218737458
7.95881777852 0.0234304598409 28.1181397474
7.96280689558 0.0257787718295 32.6933581492
7.96659672676 0.0284390288217 37.2699615938
7.97014191755 0.031375065213 41.8256611638
7.9734557741 0.0345959486668 46.3991046829
7.97649529796 0.0380628230967 50.9673502813
7.97914986363 0.0416273001569 55.4544029926
7.98161120042 0.0455395334962 60.0255530291
7.98375215751 0.0496339485432 64.5950859808
7.98562368032 0.053978836541 68.3025531933
7.98737064616 0.0587404252183 71.2664885348
7.98888536459 0.0636296505662 74.2177888426
7.99012091985 0.0684820922678 77.1343493012
7.99106954965 0.0730519253539 78.9943338725
7.9919844896 0.0781207922695 80.4934991729
7.99276602638 0.0832080729005 81.9847817707
7.993431726 0.0884346481698 83.4410758204
7.99395829171 0.0936161918651 84.9196908111
7.99436069322 0.0988128962271 85.8585299902
7.99476915229 0.104452263318 85.8571179029
7.99540510574 0.113227067307 85.8519963824
7.9963532855 0.126290480924 85.8468107887
7.99749973904 0.142044739133 85.8334843178
7.99865362332 0.157597486008 85.655274322
7.99986600941 0.173537669208 85.6343857628
8.00134475584 0.193200483375 85.7137348233
8.00324959856 0.218613622043 85.7116568347
8.00540811394 0.247353869764 85.6796235612
8.00797089153 0.279935419295 85.4062305808
8.01089341817 0.316317492312 85.4068145516
8.01404620828 0.355517011864 85.385231856
8.01728425109 0.395392012422 85.3460545806
8.02053431411 0.435300936944 85.3423213691
8.02377685795 0.47495766986 85.2984754224
8.02706751504 0.514889503465 85.2849582261
8.03016110178 0.554802442619 86.0919845157
8.03287316504 0.594610073524 86.1017063708
8.03539779251 0.634553720135 86.5499614117
8.03781078375 0.674396569361 86.4948831611
8.04021982699 0.714239365222 86.8274809997
8.04207551533 0.754175192469 87.4877564098
8.04385302838 0.794060274497 87.4313930328
8.04545121675 0.833905065324 88.2334221168
8.04662231015 0.873790078265 88.2829893346
8.04761704877 0.913729736587 89.1900267914
8.04786084846 0.953522566626 89.768908583
8.04801684972 0.993488341869 89.9306475574
8.04766405411 1.03328981454 90.7389282632
8.04714877605 1.07318089081 90.7413105079
8.04662895491 1.11321257117 90.7478834353
8.04608752724 1.15316343466 90.7813969547
8.04554204148 1.19305367029 90.7855428888
8.04498711602 1.2330050286 90.8214103929
8.04441245509 1.27304626303 90.8237528179
8.04383775823 1.31293291943 90.8271279917
8.04324561827 1.35289129249 90.8591074099
8.04264393599 1.39293063139 90.8628611447
8.04204166534 1.43277022714 90.8829885579
8.04142214368 1.47280148164 90.8878428657
8.04080048512 1.51283861467 90.8914462585
8.04017286111 1.55266971389 90.913196892
8.03953376843 1.59270824242 90.9160405575
8.03889230671 1.63273726622 90.9221046771
8.03823963874 1.67257727466 90.9408844406
8.03758067992 1.71261545371 90.9449420598
8.03691595085 1.75259513921 90.9673825998
8.03624187184 1.7924839272 90.9695311964
8.03556303559 1.83251930605 90.973122151
8.03487310836 1.87250092517 90.9943224982
8.03417950766 1.91238882478 90.9981336271
8.03348016846 1.95237137777 91.0200725503
8.032766112 1.99240689993 91.0231942946
8.03205270612 2.03229185281 91.0264826961
8.03132798349 2.07227165018 91.0480627572
8.03059541786 2.11230800133 91.051187227
8.02986235901 2.15217463318 91.0618986883
8.02910418302 2.19214441051 91.089616582
8.02834122863 2.23218077855 91.0937416823
8.02757296868 2.27198303556 91.1273532013
8.02678452678 2.31201893007 91.1293566897
8.02599390107 2.35205220496 91.1332093521
8.02519488319 2.39188243833 91.1541982854
8.02438697655 2.43191791501 91.1579824234
8.02357563416 2.47189615571 91.1805230082
8.02275306452 2.51178208006 91.1830296482
8.02192543373 2.55181413815 91.1860636019
8.02108884809 2.59179205906 91.2075043616
8.02024709993 2.63167649827 91.2105679314
8.01940015986 2.67168896453 91.220939671
8.01853860112 2.71168808382 91.2352948739
8.01767733683 2.75157145202 91.2390111424
8.01680638445 2.79154760664 91.261037435
8.01592446436 2.83158115589 91.2630758895
8.01504372109 2.87146196633 91.2671281421
8.01414789761 2.9114409699 91.2878978641
8.01313502646 2.95642197975 91.2921357043
8.01222783311 2.996397137 91.3143869148
8.01131218301 3.0362803659 91.3162828407
8.01039102355 3.0763109056 91.3199412307
8.00983177365 3.11611879465 90.3954337937
8.0095547259 3.15601344938 90.4001512169
8.00927173856 3.19600527683 90.4207856658
8.00897721678 3.23604864777 90.4227633472
8.00868141342 3.27594013272 90.4268406753
8.00837480457 3.31593110838 90.4462851361
8.0080617355 3.3559738529 90.4498053648
8.00774697733 3.39583528273 90.4641590943
8.00741693572 3.4358552873 90.4731454965
8.00708463065 3.47589811718 90.477695035
8.00674580784 3.51573551357 90.4987565058
8.00639654937 3.55577862051 90.5015745254
8.00604451809 3.59581613247 90.5061623992
8.00568128193 3.6356560421 90.5258281215
8.00531563389 3.67571232142 90.4436750605
8.00534004497 3.71589031606 89.7541257192
8.00551223144 3.75577522489 89.749437571
8.00569684295 3.79577224036 89.7319855495
8.00588575661 3.83581882934 89.7273713337
8.00607903738 3.87565756088 89.7073146135
8.00628423179 3.91570267927 89.7045578568
8.00649168699 3.95574503349 89.7015839517
8.00670811117 3.99558410092 89.6821295932
8.00693182013 4.03563082908 89.6775196147
8.00715842101 4.07563492452 89.6627987281
8.00739609638 4.11551758242 89.656528051
8.00763725228 4.15556088282 89.6531708818
8.0078848483 4.19555392998 89.635834553
8.00813948396 4.23545010662 89.6318956091
8.00839765087 4.27548653268 89.6282877042
8.00866659846 4.31548472932 89.6114327466
8.00893883515 4.3553807648 89.6068606021
8.00921681644 4.39537011851 89.5879054246
8.0095054503 4.43541535618 89.584966216
8.00979548584 4.4753072661 89.5821351579
8.01009600183 4.51529657934 89.5630919689
8.01040297965 4.55534308184 89.5583151398
8.01071174746 4.5951863785 89.5400044898
8.01103442301 4.63522441737 89.5350228067
8.01136026436 4.67526634884 89.5319572539
8.0116928402 4.7151006516 89.5112014038
8.01203562202 4.75514649318 89.5069995354
8.01238100723 4.79517842186 89.5022228926
8.01273789023 4.83502307358 89.4834500705
8.01310054235 4.87506809724 89.4789884162
8.0134686777 4.91505021157 89.4573492882
8.01384718746 4.95494511336 89.4541900966
8.01422967842 4.9949857523 89.4514236191
8.01462221887 5.03496910987 89.4298550519
8.01502083905 5.07486463563 89.4251280529
8.01542419844 5.11484792652 89.4030563575
8.01584224707 5.15489004663 89.3994752218
8.01626120115 5.19478066379 89.3966506581
8.01669009902 5.23476323175 89.3751569723
8.01712805291 5.27480801481 89.370872319
8.01756693551 5.31468360356 89.3643175704
8.01802084339 5.35468257232 89.3466832872
8.01847891945 5.39472577063 89.342559202
8.01894037968 5.43455698991 89.3204441495
8.01941607088 5.47460066066 89.3171834629
8.01989419272 5.51463918113 89.3143306465
8.02038208366 5.55447255707 89.2923973375
8.02087828429 5.59451703634 89.2876182893
8.02137799774 5.63449936794 89.2655824604
8.02188987572 5.67439217359 89.262530975
8.02240613264 5.71443156988 89.2597632441
8.02293106745 5.75441379911 89.2383433779
8.02346272739 5.79430762293 89.2339086174
8.0239988269 5.83432325345 89.2241771717
8.02454841769 5.87432967405 89.2091239502
8.02510035357 5.91422086592 89.2053549917
8.02566071391 5.95420037514 89.1830754413
8.02623249014 5.99424311542 89.1795420456
8.02680465437 6.03412980362 89.1767824274
8.02739043712 6.07411392564 89.1554400674
8.0279823231 6.11415672308 89.1507959017
8.02857573297 6.15398729242 89.1288051959
8.0291850613 6.19402869378 89.1260330953
8.02979682588 6.2340669867 89.123211329
8.03041464044 6.27389737239 89.1014322795
8.03104404205 6.31393959545 89.0969754125
8.03167573856 6.35394219452 89.0827473951
8.03231990533 6.39380887183 89.0718135784
8.0327850458 6.43385960062 89.5122792336
8.0331321301 6.47384316605 89.4912980459
8.0335078135 6.51347759712 89.2409380745
8.03454219749 6.55352444052 87.8040528435
8.03657070622 6.59358729794 86.3947809532
8.03972867865 6.63354991494 84.1890499501
8.04484970918 6.67364122876 81.5165042578
8.05100527047 6.71294588973 81.3236981912
8.05646540975 6.7522223145 82.8410580174
8.06089661454 6.7916931529 84.3256787777
8.06413602814 6.83132808292 86.6504907104
8.06547738443 6.8709724019 89.175684616
8.06552151258 6.91076905855 90.6930862521
8.06451005746 6.95059296193 92.2005063063
8.06226961754 6.98971205651 94.6647086516
8.05831513733 7.02926954491 96.2338427039
8.05395454351 7.06896936105 96.2712903706
8.0496668822 7.10871529468 95.716724467
8.04618761022 7.14862418791 94.2489530846
8.04376302154 7.18870699179 92.674340354
8.04213617339 7.22859047066 92.2768084562
8.04053667178 7.26856261454 92.2937139162
8.03893370808 7.30857011866 92.2959380295
8.03733210195 7.34837329792 92.317613161
8.03571226662 7.38838290832 92.3191551325
8.03409084993 7.4283900514 92.3222835017
8.03246543572 7.46819625979 92.3433498156
8.03082741121 7.50820416172 92.3461141847
8.02918745821 7.54815620988 92.367916627
8.02753953082 7.58801292177 92.3690725229
8.02588289647 7.62802049001 92.3722410893
8.02421934141 7.6679751995 92.3924377903
8.02255321875 7.70783280424 92.3951083571
8.02087976627 7.7478173136 92.4047077378
8.01919258145 7.78779441352 92.418456824
8.01774721849 7.82779588173 91.4721999907
8.01671893785 7.86777526154 91.4844435213
8.0156808011 7.9078047988 91.4868098359
8.0146445972 7.94767866412 91.4912679565
8.01359225698 7.98765785047 91.5109972852
8.01253521587 8.02768651898 91.5145075235
8.0114778013 8.06750765812 91.5366945583
8.01040341962 8.10753650289 91.5382286124
8.00932718553 8.14756366985 91.5417151984
8.00824516996 8.18738644533 91.5628849318
8.0071518888 8.22741470765 91.5662620929
8.00605662562 8.26739366846 91.5858896547
8.00495018701 8.30726495861 91.5910185243
8.00383770629 8.3472897262 91.5937337815
8.00271784169 8.38726023036 91.6152208533
8.00159248765 8.42713737424 91.6177669
8.00046104686 8.46715546146 91.6232260642
7.99931664967 8.50713467756 91.6422621372
7.99817230624 8.54701041887 91.6456035525
7.99701890082 8.58697898335 91.6676639473
7.99601664276 8.62703400658 90.8803770336
7.99542390034 8.6668634587 90.8523374569
7.99481240222 8.70682299442 90.883980826
7.99424274415 8.74694770259 90.4309427309
7.99421264671 8.78694201917 89.9317731255
7.99426204644 8.82697967298 89.9258251831
7.99431778544 8.86700456769 89.9184726544
7.99437849517 8.90691626533 89.9080958365
7.99444578782 8.94693045666 89.8964771812
7.99451879079 8.98697511289 89.8932856473
7.99459392021 9.02686628679 89.8899481135
7.99467590712 9.06687860735 89.8792941557
7.99476160866 9.10692540166 89.8749288786
7.994850298 9.14679169986 89.8648990625
7.99494667855 9.186827002 89.8604565522
7.99504548935 9.22687148289 89.8567426481
7.99514974084 9.2667271532 89.8439998018
7.99525979179 9.30677316559 89.8403867513
7.99537248714 9.34680409189 89.8342995083
7.99549319614 9.38666979051 89.8244824301
7.99561749958 9.42671659727 89.8198185393
7.99574673294 9.46671756928 89.8050362292
7.99588311308 9.50661321015 89.8022045023
7.99602228046 9.54665517653 89.7991827267
7.99616983506 9.58665646141 89.7846048189
7.99632136539 9.62655347009 89.7799421054
7.99647690481 9.66655644911 89.7648671458
7.99664225314 9.70659722118 89.7616910445
7.9968054093 9.74535788369 89.7552198887
7.99692051441 9.78045282863 89.8859604491
7.99698497025 9.81248951663 89.883175328
7.99705267946 9.84119570937 89.8566177018
7.99710296436 9.86213547078 89.8687420181
7.9971210076 9.8764692073 89.978817562
7.99712384826 9.88549442516 89.9867224297
7.99712497375 9.89004091495 89.9881009711
7.99712535962 9.89156906009 89.9879863366
7.99712535855 9.89156906045 89.9879857265
7.99712552676 9.89269390399 89.9878242655
7.99712609911 9.89535747987 89.9876555759
7.99712607601 9.89801125092 89.9874335936
7.99713388788 9.9006716207 89.3772128187
7.99721824946 9.90331715808 86.8889728435
7.99736086702 9.90519274093 84.3213114583
7.99766479927 9.90759098818 81.5465510776
7.99812732334 9.91022231374 78.6763590599
7.99875357273 9.91284934256 74.5924678706
7.99977402608 9.91605923254 70.5405594768
8.00078349575 9.91859529921 66.248055601
8.00198534111 9.92105182038 61.9319266821
8.00350935227 9.9236492846 57.4968052182
8.00496076286 9.92574860985 53.2342045946
8.00756808902 9.92891891162 48.7081490049
8.01174417524 9.93329812521 44.1368659679
8.01625403948 9.93732888814 39.5670871776
8.02105130201 9.94097395488 35.0152075114
8.0259920601 9.94414730461 30.5097946401
8.0308744539 9.94677369034 26.1277611795
8.03589897638 9.94901497374 22.4654968043
8.04133417316 9.95109067279 19.4191193776
8.04686453259 9.95287185218 16.373095763
8.05246099701 9.95435169133 13.3395295294
8.05815328519 9.95553821858 10.2969031681
8.0636605943 9.95639839077 7.8383526929
8.06902699934 9.95706532773 6.37659686697
8.07474852377 9.9576705744 6.00223147338
8.08247245401 9.95848606487 6.09564603918
8.09002097075 9.95930570473 6.24006295325
8.09796977602 9.96017530143 6.24479829484
8.10688643125 9.96115172936 6.25390246923
8.11745582482 9.96231012845 6.25542978752
8.12806281359 9.96347301669 6.25794019829
8.14063585663 9.96485224216 6.26134850561
8.15707828233 9.96660053102 5.66195545365
8.18228758003 9.9690441222 5.64045866289
8.21598789904 9.9725177925 5.93135153938
8.25415117657 9.97648377773 5.93331834363
8.29397845992 9.98036618274 4.94261440723
8.33392681862 9.98331417282 3.50341392911
8.37381358582 9.98528267205 2.36032209518
8.41375753374 9.98694254361 2.38489944369
8.4537616639 9.98860997827 2.38813162895
8.49354332626 9.99028402692 2.44428006004
8.53354997794 9.99199286874 2.44738154027
8.57365394496 9.99341409667 1.4299269337
8.61349347379 9.99439463735 1.41821071796
8.65352019205 9.99538606243 1.41950822127
8.69347973559 9.99638129632 1.47249592541
8.73336134531 9.99740700106 1.47393767203
8.77338605561 9.99843753277 1.47571420581
8.8133557988 9.99947653842 1.50453721035
8.853232553 10.0005243793 1.50584739946
8.8932212632 10.0015738658 1.52647464958
8.9332274549 10.0026451445 1.53625772588
8.97310145639 10.0037154241 1.53834188212
9.01305181716 10.0048037311 1.60127297606
9.05307807139 10.0059231819 1.60281191422
9.09294939292 10.0070397969 1.60942639884
9.1329034364 10.0081920379 1.66777567108
9.1729257885 10.0093578861 1.66902005618
9.21272392132 10.0105255241 1.73231543483
9.25274885745 10.0117366584 1.73403657036
9.29277024926 10.0129490386 1.7361799605
9.33255132066 10.0140943262 1.28518055791
9.37258070602 10.0149894928 1.28256081252
9.41254256967 10.0158898388 1.33537168924
9.45241741906 10.0168246996 1.34492106771
9.49250950847 10.0176194989 0.704230748007
9.53247120047 10.018119391 0.732902785055
9.57236015258 10.0186303808 0.734769089491
9.61237255801 10.0191446889 0.747035741286
9.65235298878 10.0196787369 0.7666340239
9.69223808894 10.0202129987 0.768015874542
9.73220463927 10.0207552523 0.791668418964
9.7722452934 10.0213092867 0.793757045937
9.81212723568 10.0218629037 0.797104170064
9.85208352057 10.0224418856 0.840166681457
9.89211905553 10.0230297677 0.841752926633
9.93191545323 10.0236215949 0.887586491593
9.97195738758 10.0242434988 0.891039300256
10.0119905362 10.0248671234 0.893450779677
10.0515720198 10.0252546812 0.202578604441
10.0916145761 10.0253977987 0.206469983242
10.1316187105 10.0255446947 0.221007261275
10.1715210651 10.0257072969 0.237397013588
10.2115597337 10.0258736563 0.23894144265
10.2515740876 10.0260492613 0.267227545507
10.2914665356 10.0262361688 0.269521841138
10.3315005899 10.0264250005 0.273148568986
10.3715059211 10.0266247271 0.288066280598
10.4113951997 10.0268260131 0.289731588322
10.45139155 10.0270326735 0.307457209209
10.491433749 10.0272478505 0.309046038727
10.5313214132 10.0274637708 0.310835209219
10.5713185271 10.0276895192 0.328212926903
10.611359222 10.0279196751 0.330327562737
10.6512089189 10.0281517088 0.34782153378
10.6912450494 10.0283961708 0.350808620748
10.7312828778 10.0286420184 0.352453206365
10.7711251164 10.0288944076 0.371141668995
10.8111675325 10.0291546946 0.373544266391
10.8511966289 10.0294164987 0.379113096878
10.8910486894 10.0296901095 0.395305508409
10.9310871787 10.0299669792 0.397040395495
10.9710751944 10.0302496222 0.417629147378
11.0109677303 10.0305409597 0.419598037382
11.051004288 10.0308349607 0.421587572761
11.0909934769 10.0311399886 0.442351221484
11.1308832756 10.0314487096 0.444374099155
11.1708708982 10.0317619228 0.466753896861
11.2109087237 10.0320885772 0.468393171513
11.2507957764 10.0324152859 0.470050715231
11.2907775504 10.0327524967 0.492389697421
11.3308188929 10.0330975107 0.49474939435
11.3706901846 10.0334426816 0.503120097972
11.4106886568 10.0338046557 0.520078343197
11.4507261833 10.0341686957 0.521753224706
11.4905532431 10.0345382136 0.545407386783
11.5305954183 10.034920144 0.547650693436
11.5706306691 10.0353035749 0.549882184294
11.6104600134 10.0356978801 0.573939678237
11.6504985957 10.0360996834 0.575875077631
11.6904791496 10.0365054133 0.601106142856
11.7303669601 10.0369238187 0.601953334568
11.770402975 10.0373451001 0.603627864602
11.8103801203 10.0377767468 0.627674384619
11.8502701606 10.0382146293 0.62996420133
11.8902808073 10.0386557167 0.642391105331
11.9302829153 10.0391138376 0.657279274036
11.9701692543 10.0395720102 0.658913464538
12.0101413646 10.0400395588 0.683764234338
12.0501821393 10.0405175077 0.686281497475
12.0900663568 10.0409960498 0.688677475846
12.130035097 10.0414921874 0.716520981366
12.1700721795 10.0419935927 0.718390529758
12.2098986465 10.0424975242 0.744296605255
12.2499357047 10.0430174098 0.745001431362
12.2899704333 10.0435386605 0.746687887691
12.3297938231 10.044068967 0.771420460248
12.3698321952 10.0446089153 0.773641887758
12.4098300718 10.0451506533 0.790931288173
12.4496919127 10.0457063103 0.80089370919
12.4897268194 10.0462666425 0.802463998135
12.5296752773 10.0468374875 0.836328988407
12.5695648592 10.0474206681 0.83872239927
12.6095954447 10.0480074532 0.84195341102
12.6495726001 10.0486087339 0.865511160994
12.6894579748 10.0492119391 0.867281144708
12.7294302422 10.0498223978 0.893360350003
12.7694662628 10.0504458371 0.894483560059
12.8093491498 10.0510692663 0.896538319127
12.8493008915 10.0517162215 0.945352407421
12.8893369865 10.0523776571 0.947484611745
12.9291500319 10.0530391135 0.980738058043
12.9691696448 10.0537359607 0.999647775996
13.0092022652 10.0544351602 1.00120301351
13.0489523431 10.0551483195 1.11817199956
13.088949588 10.0560915912 1.40697025089
13.1289686343 10.0570761717 1.41334557002
13.1687604821 10.058084652 1.460492562
13.2087872128 10.0591058377 1.46229606559
13.2487164441 10.0601348065 1.51130256
13.2885987922 10.0611887986 1.51505606137
13.328622271 10.0622482092 1.51755754512
13.3685566564 10.0633287987 1.56719429952
13.4084327773 10.0644205512 1.56906930001
13.4483788462 10.0655184925 1.60622335996
13.4883902671 10.0666500942 1.62171393575
13.5282627584 10.0677796305 1.6235720449
13.5681924202 10.0689281202 1.67359467032
13.6082184432 10.070098454 1.67573326791
13.6480785029 10.0712659003 1.68332519491
13.6880211002 10.072466123 1.72824331541
13.7280422918 10.0736743133 1.72984454147
13.7678172618 10.0748863227 1.77929157113
13.8078433016 10.0761310616 1.78233807363
13.8478609069 10.0773771965 1.78507861907
13.8876402663 10.0786406259 1.83450524102
13.9276603592 10.0799231384 1.83628992596
13.9675881583 10.0812082088 1.87946701571
14.0074564915 10.0825220284 1.88894046264
14.0474729534 10.0838424859 1.89091634932
14.0873969706 10.0851785078 1.94091693233
14.127266732 10.0865304679 1.94294240746
14.1672631183 10.0878887034 1.95409423204
14.2072350196 10.089261964 1.81276032231
14.2472339584 10.0901389025 1.05099587041
14.2871826059 10.0908847671 1.10166027552
14.3272197331 10.091655764 1.10425137881
14.3670971688 10.0924252462 1.10754057134
14.4070519534 10.0932233723 1.15632028698
14.4470842939 10.094032143 1.15833920965
14.4868688545 10.094843765 1.20306764322
14.5269160623 10.0956889235 1.21049881442
14.5669451396 10.0965354588 1.21239218614
14.606745118 10.0973985108 1.26319418507
14.6468671921 10.0980632801 0.697859471688
14.6868373552 10.0985533394 0.726858538398
14.7267097339 10.0990643015 0.735540549673
14.7667454075 10.0995790974 0.737266770276
14.8067050869 10.1001049131 0.770331108292
14.8465952983 10.1006420648 0.772771678062
14.8866237615 10.1011828094 0.776760025117
14.9266108263 10.1017387652 0.799923312344
14.9664972815 10.1022964189 0.801939633667
15.0064745981 10.1028616689 0.827756402547
15.0465135433 10.1034398725 0.829853556461
15.0863966769 10.1040183616 0.832201806789
15.1263623506 10.1046206731 0.881434953138
15.1663996998 10.1052378324 0.88395160867
15.2061996614 10.1058557156 0.920951934075
15.2462470048 10.1065088653 0.937619205626
15.2862805149 10.1071647684 0.939370062136
15.3260889907 10.1078338884 0.990579989314
15.3661266844 10.1085272229 0.993145841613
15.4061423441 10.1092219075 1.00179931441
15.4459580022 10.109941343 1.04096045124
15.4859914834 10.1106697911 1.04299682809
15.5259334677 10.1114076384 1.08937171127
15.5658369336 10.1121717564 1.09883675907
15.60586674 10.1129402853 1.10102154701
15.6460401066 10.1136608736 0.673501281974
15.6859230466 10.1141241247 0.666709452637
15.7258739562 10.1145941455 0.701360079202
15.7659156026 10.115085106 0.703689115287
15.8058012452 10.1155758055 0.705414691411
15.845762768 10.1160816459 0.737930089308
15.885802854 10.1165984167 0.740709620077
15.9256616619 10.1171149247 0.752394170256
15.9656705507 10.1176498744 0.767649858727
16.0056978185 10.1181909962 0.859388808663
16.0454367585 10.119021685 1.28304796141
16.0854692973 10.1199185166 1.28455247744
16.1254944462 10.1208169166 1.28762584319
16.1653039389 10.1217365548 1.33826088171
16.2053342622 10.1226726986 1.34059011871
16.2452668291 10.1236133268 1.38267357797
16.2851495113 10.1245770096 1.38503200691
16.3251759299 10.1255455654 1.38723170543
16.3651313116 10.126532666 1.43979591563
16.4050115272 10.1275360439 1.44240368901
16.444994196 10.1285443321 1.4618870383
16.4849725406 10.1295802283 1.48605742323
16.5248485549 10.1306154701 1.48794129511
16.5647938784 10.1316662118 1.53822774657
16.6048295945 10.1327438715 1.5432079125
16.6446994661 10.1338187884 1.54654582116
16.6846356449 10.1349193276 1.58652253946
16.7246610741 10.1360288842 1.58864246749
16.7644383589 10.1371396035 1.63182314488
16.8043346687 10.1382830431 1.64499471006
16.8403881708 10.1393191295 1.64599180724
16.8733528644 10.1402684672 1.69493847326
16.898474411 10.1410388787 1.77812459949
16.9145418627 10.1415389716 1.78511538528
16.9237260464 10.1418251002 1.78596569763
16.9279232529 10.1419560321 1.78723454063
16.928941586 10.1419877333 1.78688577263
16.9289412809 10.141987714 1.7865224607
16.9289409749 10.1419877137 1.78615798422
16.9289925132 10.1419879576 1.05816946683
16.9291025957 10.1419860055 -0.586299872297
16.9293482837 10.1419733902 -3.54462045053
16.9295579696 10.1419509117 -6.49309788709
16.9292075727 10.1420059431 -11.0689466268
16.9287004124 10.1421078315 -16.6157736847
16.9289189068 10.14202302 -22.2725691893
16.9289317319 10.1420084322 -27.9929791459
16.9289372397 10.1419956935 -33.7383700041
16.9289440136 10.1419803944 -39.4844749725
16.9291844099 10.1417413076 -45.3310862191
16.9292903234 10.1416240097 -51.1308239283
16.9297905116 10.1409081079 -57.179328784
16.9304401874 10.1397737397 -63.0986788715
16.930815715 10.1389007186 -69.1924150321
16.9310963516 10.1379959001 -75.2871774336
16.9312453718 10.1372643742 -81.2867278752
16.9312783353 10.136852602 -87.1821675168
16.9312657963 10.1365131116 -93.0494172229
16.9311349787 10.1354159746 -99.0590237155
16.9308566907 10.1340810653 -104.97988209
16.930470278 10.132978794 -112.586603934
16.9298859575 10.1318467265 -120.974329992
16.9292718157 10.1309758144 -129.270385779
16.9287501379 10.1304903171 -138.126646183
16.9268809806 10.1291530999 -150.923582373
16.925116612 10.1284351334 -164.538289561
16.9244756442 10.1283217073 -174.820615327
16.9236519711 10.1282967467 179.87186797
16.9231892909 10.1283013701 179.227777433
16.9231891466 10.1283013148 179.227794545
16.9203084517 10.1283583393 178.5125794
16.9095556397 10.1287402718 177.85684361
16.8962572713 10.1292384555 177.852804452
16.8751915835 10.1300316646 177.841244217
16.8480573916 10.1310540151 177.832491898
16.8153053516 10.1322849059 177.73202107
16.7781326188 10.1337938593 177.663732071
16.7303739656 10.1357428664 177.67005954
16.6726354472 10.1381471692 177.589685857
16.6225600715 10.1402607032 177.570538676
16.5729599458 10.1421126766 177.935608439
16.5176963499 10.1439825009 178.624360946
16.452857496 10.1451675562 178.988434286
16.4128124786 10.1458791595 178.966422753
16.3632774194 10.1463136365 -179.931508249
16.3183052107 10.1462572352 -179.924398713
16.2683647076 10.1461881275 -179.919085063
16.2234533393 10.1458308934 -179.437375627
16.1584347913 10.1451616042 -179.406192703
16.1134893353 10.144693658 -179.387701095
16.0385465611 10.1438736625 -179.371416453
15.9837333755 10.1432585301 -179.343543152
15.9237517793 10.1425693627 -179.340649881
15.8638314656 10.1418605889 -179.314859948
15.8038729646 10.141141915 -179.303650524
15.7538298622 10.1405201872 -179.286804628
15.6939095632 10.1397703273 -179.260019591
15.6289853384 10.1389320097 -179.258085254
15.5692548405 10.1376330271 -178.527504769
15.5043426513 10.1359624757 -178.524908081
15.4393531535 10.1342611514 -178.493625837
15.3894467179 10.1329475063 -178.486055511
15.3295359737 10.1313467206 -178.466984094
15.2845946844 10.1301421568 -178.450256092
15.229637489 10.1286207243 -178.410858265
15.1846764486 10.1273718154 -178.40365201
15.1247953096 10.1256574572 -178.353775017
15.0700262346 10.1240759508 -178.302856094
15.0100634181 10.122293867 -178.296198555
14.9701126784 10.1211018684 -178.259263633
14.9151202946 10.1194133523 -178.239345686
14.8701859529 10.1180300616 -178.221007803
14.805341548 10.1159751871 -178.181786031
14.7653680875 10.1147039374 -178.157259505
14.70545843 10.112745049 -178.124627389
14.6605545267 10.1112714014 -178.092929307
14.5956868307 10.1090844705 -178.067086116
14.5508183751 10.1075620076 -178.014867958
14.4958104806 10.1056520446 -178.009936213
14.4509337779 10.1040873778 -177.965154377
14.4010327859 10.1023053126 -177.952851829
14.3560841669 10.1006969113 -177.944818285
14.2912726344 10.0983214427 -177.895170766
14.2463761119 10.0966678885 -177.862750129
14.1864617891 10.0944077829 -177.837590483
14.1464753015 10.0928963319 -177.823087006
14.0915448 10.0907711926 -177.780436998
14.0416312516 10.088832331 -177.715337341
14.0016327666 10.0871132334 -177.506732799
13.9617816295 10.0853774187 -177.505624487
13.9218646501 10.083622793 -177.446373213
13.8769179582 10.0816174371 -177.444400358
13.8320219187 10.0796110623 -177.414050371
13.7821684337 10.077334264 -177.383325959
13.7421716767 10.0755056597 -177.381283729
13.6923674544 10.0731905939 -177.323189923
13.6474288808 10.0710888687 -177.321654201
13.6025730336 10.0689666247 -177.263641445
13.5576348377 10.066818031 -177.261931427
13.5177205654 10.0649034512 -177.210086052
13.4678446414 10.0624671444 -177.202083127
13.417867843 10.0600210757 -177.169778215
13.3630795101 10.0572872363 -177.140756713
13.3181643489 10.0550420899 -177.12767816
13.263261678 10.0522456559 -177.07905393
13.218336274 10.049951603 -177.072813193
13.158507197 10.0468423742 -177.016728488
13.1185231242 10.0447571816 -177.012824384
13.063791897 10.041857637 -176.955058265
13.0136459549 10.0396596163 -178.325434036
12.9588696349 10.0383249604 -178.631730233
12.9088169278 10.0371278659 -178.621920972
12.8489223879 10.0356508026 -178.583336475
12.8090518888 10.0346636114 -178.578922592
12.7641524929 10.0335194947 -178.530010192
12.7191793749 10.0323645069 -178.528162964
12.6792385802 10.0313219948 -178.478852078
12.6293157618 10.0299948725 -178.476011111
12.5893860426 10.0289273002 -178.433136484
12.549346939 10.0278265334 -178.423402651
12.5043775761 10.026587939 -178.42121424
12.4545411685 10.0251833215 -178.37111934
12.4095713255 10.0239036008 -178.369222726
12.359736916 10.022460237 -178.317768602
12.3197129172 10.0212839677 -178.315617296
12.2797816641 10.0201053526 -178.274919631
12.2399027667 10.0188983045 -178.264730316
12.1998826914 10.0176852084 -178.263006664
12.1599452969 10.0164562773 -178.212488085
12.1149756708 10.0150517022 -178.209879747
12.0751758313 10.0138050176 -178.178363536
12.0302232014 10.012361391 -178.158294731
11.9902057728 10.0110739504 -178.156516102
11.9502702176 10.0097686479 -178.106172841
11.9053039554 10.0082806857 -178.103638528
11.8655279799 10.0069592348 -178.062595118
11.8255025536 10.0055991981 -178.052231907
11.7854872592 10.0042376926 -178.050584722
11.7457049776 10.0028657306 -178.000209169
11.7056864255 10.0014674663 -177.997803582
11.6656947819 10.0000683666 -177.98665052
11.6258908226 9.99864486504 -177.946580057
11.5809318167 9.99703200337 -177.944733541
11.54100304 9.99558310632 -177.89428098
11.5009866682 9.99411086495 -177.891884282
11.4611350224 9.99264302584 -177.886030042
11.4211966077 9.99114262658 -177.840550338
11.38118534 9.98963316039 -177.838813791
11.3414168306 9.9881227224 -177.7910283
11.3013960316 9.98657655758 -177.786259622
11.2613885741 9.98502929449 -177.784206809
11.2216123803 9.98346741313 -177.735053342
11.1816023195 9.98188414977 -177.732920862
11.1416813635 9.98029969555 -177.693861273
11.1018193504 9.9786864731 -177.680507211
11.0618136079 9.97706538905 -177.679032831
11.0218931362 9.97543036383 -177.629570987
10.9820340095 9.97377931313 -177.627200161
10.9420468014 9.97212133672 -177.618315131
10.9021080113 9.97043450199 -177.574973959
10.8622542883 9.96874598271 -177.573340427
10.8223395473 9.96704360587 -177.524224873
10.7823310757 9.96531250259 -177.521372921
10.7424817147 9.96358677469 -177.519014466
10.7025628871 9.96183319675 -177.470110368
10.6625610013 9.96006501211 -177.468096262
10.622805442 9.95830199655 -177.425452228
10.5827939473 9.95649731322 -177.415759995
10.5427962636 9.95469141093 -177.414234817
10.5030335805 9.95287736048 -177.364824179
10.4630332122 9.95103543735 -177.362482832
10.4230649216 9.9491930409 -177.349031321
10.3832738492 9.94732731617 -177.310670504
10.3432787923 9.94544797215 -177.309123967
10.303370869 9.94356008036 -177.259248347
10.2635222979 9.94165159981 -177.256962219
10.2235324602 9.93973482321 -177.254176686
10.1836211991 9.9377957156 -177.205599283
10.1437780992 9.93585026224 -177.203701961
10.1038841863 9.93389542156 -177.159420147
10.063879189 9.93190604638 -177.151650493
10.0240403037 9.92992324942 -177.15002322
9.9841364703 9.92791737304 -177.100860128
9.9441453936 9.92589102076 -177.098576741
9.90434942998 9.92387239106 -177.079187535
9.8594615612 9.92155908947 -177.046216614
9.81947629447 9.91949525933 -177.044755764
9.77957708297 9.91741775397 -176.995443107
9.73973906412 9.91532586732 -176.993136331
9.69977659815 9.91322567231 -176.982609151
9.65985634678 9.91109659986 -176.941597578
9.62001892 9.90897103446 -177.026244511
9.57996029281 9.90720833808 -177.610270073
9.53995410283 9.90553875747 -177.609086655
9.50011744658 9.9038778422 -177.68544445
9.4603618866 9.90255567591 -178.233202517
9.42034016312 9.90132012899 -178.231267289
9.38056272778 9.9000843427 -178.191493954
9.34044809322 9.89889682601 -178.744232019
9.29534890234 9.89837071492 -179.512562426
9.25536513483 9.89801584379 -179.487501019
9.21540424276 9.89770926521 -179.946959526
9.17524821965 9.89799867716 179.447837735
9.13528337629 9.89839685411 179.416786247
9.09539368277 9.89880322621 179.41498631
9.0553773927 9.89921559972 179.394278028
9.01538311769 9.89964928014 179.37683105
8.97548939081 9.90008420951 179.372227785
8.9355272802 9.9005325763 179.33638874
8.89548772885 9.90099636355 179.335631871
8.85049047082 9.9015245895 179.314641255
8.81066849511 9.90201735427 179.288256033
8.77060115784 9.90251645691 179.274468375
8.73064759586 9.90303267883 179.235262888
8.69075867839 9.90356505806 179.234777905
8.65068779999 9.90410623201 179.216184178
8.61074638679 9.90467435926 179.17346954
8.57085006585 9.90525031538 179.167368899
8.53088424799 9.90584286573 179.112629346
8.49085502907 9.90646580868 179.107582929
8.45093493383 9.90709176317 179.089865821
8.41100780363 9.90774506586 179.039356754
8.37309911445 9.90838189216 179.030165833
8.33826431836 9.90898954788 178.985873615
8.30368823889 9.90962502686 178.931956593
8.26899135467 9.91027236086 178.92847902
8.23438975636 9.91092701081 178.906867324
8.1998224165 9.91161149691 178.849627161
8.16609886653 9.91229016339 178.840404413
8.13492966482 9.91292848239 178.815515219
8.11343106888 9.91335725049 178.894858347
8.09994855522 9.91361247082 178.922010694
8.09306403901 9.91374155883 178.927515439
8.08971135997 9.91380437046 178.927967816
8.08869335024 9.91382353642 178.927804879
8.08875017652 9.91382138255 179.292464988
8.08898987874 9.91381933412 -179.186937482
8.08922762687 9.9138236354 -177.667292926
8.08965792561 9.91384752592 -174.839318288
8.09012751121 9.91389888513 -171.270075261
8.09064406212 9.91399166749 -166.772955108
8.09117019104 9.91413219977 -161.67228407
8.09173634067 9.9143399881 -155.721645068
8.09255356022 9.91475373649 -149.917943539
8.09364683974 9.9154835931 -141.562708433
8.09454444074 9.91628351973 -133.938037642
8.09526019953 9.91710614991 -127.000180481
8.09576581456 9.91783653354 -121.28219456
8.09601902848 9.91827227883 -116.255720928
8.09594721831 9.91809031003 -111.78754975
8.09619410836 9.91876739844 -107.241884576
8.09635892171 9.91934392242 -103.441379228
8.09603160337 9.91747080676 -98.8809495654
8.09566283788 9.91422371213 -94.3165540635
8.09549231736 9.91066496138 -91.6442278182
8.0954605921 9.90731608801 -89.6379670033
8.09547489366 9.90389484004 -90.3816415851
8.09533953834 9.89809736122 -92.1330849836
8.09501699879 9.89194512486 -93.8259438923
8.09462140358 9.88659857758 -94.3097271828
8.0939995183 9.87835601618 -94.3194192854
8.0932608356 9.86859004248 -94.2871628191
8.09211520382 9.85402270869 -94.6679918754
8.09020715042 9.83073213161 -94.6913258363
8.08780961536 9.80153739493 -94.6969266876
8.08491901654 9.76637242826 -94.6902720057
8.08210067966 9.73334588632 -94.9542279927
8.07851788731 9.69204454589 -94.9602548105
8.07473608891 9.64859065421 -95.018313146
8.07079865671 9.60377322737 -95.0226666448
8.06641103621 9.55391789361 -95.0745546848
8.061541514 9.49928595669 -95.096682816
8.0575414349 9.45447392344 -95.1281954725
8.05259392356 9.39973950467 -95.1702911806
8.04853706424 9.3549229315 -95.1868166136
8.04444097935 9.31020971642 -95.2431282784
8.04032878428 9.26540875788 -95.2468442463
8.03664868155 9.22561759408 -95.3150036241
8.03156238227 9.17096704604 -95.319375851
8.02737690154 9.12625220081 -95.3881740656
8.02353674526 9.08152947122 -94.7312985708
8.01982396976 9.03676609112 -94.8001107322
8.01636096183 8.99202552673 -94.15660033
8.01309914442 8.9471570867 -94.1638245777
8.00991949845 8.90243617226 -93.7744671692
8.00728282666 8.86248337259 -93.7773513793
8.00480775848 8.82272141615 -93.3296124918
8.00219248738 8.77780471567 -93.3343690954
7.99957704705 8.73297322683 -93.3826722928
7.99698747508 8.68813606348 -92.9365589922
7.99500914225 8.64831141619 -92.8395600134
7.99249439983 8.59838630617 -92.9061389661
7.99021207533 8.55345536739 -92.9097876805
7.98846182677 8.5137585973 -92.3355614327
7.98664254786 8.46882661285 -92.1569739441
7.98541135015 8.42407517005 -91.4328209033
7.98440117869 8.38401639305 -91.4492422175
7.98365729981 8.33914287763 -90.6945065307
7.98302614536 8.28928516549 -90.7344965613
7.98238331375 8.23920183322 -90.7361749312
7.98186017185 8.19937314358 -90.7619711608
7.98126056819 8.15438497075 -90.764677546
7.98058630743 8.10435879272 -90.7897470218
7.97996529927 8.05937078058 -90.792398536
7.9794134667 8.01951350099 -90.8037226571
7.97884351256 7.97950383804 -90.8192935712
7.97827041966 7.93946725291 -90.8206986591
7.97769355014 7.89963821742 -90.8450404408
7.97702983955 7.85465022624 -90.8481568964
7.97636338735 7.80971488924 -90.8673976931
7.97575337229 7.76968647184 -90.875624278
7.97514103663 7.72965100889 -90.8768120784
7.97452410145 7.68982132309 -90.9014848425
7.97389427792 7.64978337828 -90.904117569
7.97326231885 7.60975602872 -90.9071984971
7.97261858218 7.56992069772 -90.9310174746
7.97196716909 7.52988420333 -90.9328752128
7.97131181504 7.48990840507 -90.9566982922
7.97064562298 7.4500182517 -90.9600313981
7.96997463556 7.40998552524 -90.9610803201
7.96929251577 7.37000835076 -90.9863667269
7.96860473508 7.33012078857 -90.9889322665
7.96791308335 7.29014144661 -91.0104869742
7.96720495633 7.25010671615 -91.0155399163
7.96649758142 7.21022309231 -91.0166014113
7.96578089384 7.17024590565 -91.041651504
7.96505233943 7.1302095496 -91.0440312922
7.96432538304 7.09033695176 -91.048150026
7.96358154266 7.05034858124 -91.0701158757
7.96283301611 7.01031416792 -91.071803956
7.9619862204 6.9653905474 -91.0967442355
7.96112425792 6.92040669437 -91.0992966496
7.96052256438 6.88051366945 -90.5439481566
7.96014071649 6.84047372055 -90.5482778011
7.959756916 6.80043442584 -90.5498456141
7.95936815534 6.76060292719 -90.5734334717
7.95896631479 6.7205590158 -90.576843715
7.95880295688 6.68052278238 -89.9381157207
7.95885007953 6.64064117687 -89.9254805978
7.95890288384 6.6006013885 -89.9235238746
7.95895891115 6.56054710561 -89.9143262829
7.95902332935 6.52067684423 -89.9038151065
7.95909139532 6.48063592246 -89.9009541756
7.95916589556 6.44059542193 -89.8846999812
7.95924922736 6.4007142685 -89.8790045488
7.95933583914 6.36065702148 -89.8689073746
7.95943308884 6.32064452582 -89.8534159303
7.95953594048 6.28075413466 -89.8508868728
7.95964501758 6.24069771377 -89.8359570016
7.95976680118 6.2006863041 -89.8227526215
7.95990819557 6.15567913395 -89.8116960244
7.96006470968 6.11072404713 -89.7909488653
7.96021117039 6.07083364425 -89.788085287
7.96036528391 6.03078061177 -89.7689251518
7.96053479209 5.99077176697 -89.754633018
7.96070740432 5.95086786591 -89.7455938879
7.96089406263 5.9108636642 -89.7183148077
7.9610918454 5.87082345789 -89.7155811185
7.96129468811 5.83090789874 -89.700133117
7.96151519379 5.79091959008 -89.677518588
7.9617417828 5.75087708543 -89.6732950409
7.96197845924 5.71101617123 -89.6394784078
7.96223271655 5.67098112461 -89.6347737703
7.96249137168 5.63091553973 -89.6202311234
7.96276598606 5.59108692598 -89.5930053099
7.96305142483 5.55104661232 -89.5899970599
7.96334472437 5.51100216559 -89.5664300426
7.96365777871 5.47115607392 -89.5474364077
7.96401661509 5.426142918 -89.5326160358
7.96435353006 5.38617244548 -89.5019495304
7.96470247398 5.34613273144 -89.4991408155
7.96505782583 5.30622638913 -89.4798252528
7.9654366486 5.26625187982 -89.4527819346
7.96582121676 5.22619999729 -89.4432449322
7.96621984367 5.18637536946 -89.4027119136
7.96663767474 5.14633566914 -89.401674301
7.96706128473 5.10626784062 -89.3842694299
7.96750492115 5.06645903852 -89.3520214988
7.96807305256 5.01635528532 -89.3410427082
7.96854242323 4.97653942136 -89.3028595428
7.96902987485 4.93650029193 -89.3022910529
7.96951951542 4.8964602843 -89.2953889867
7.97002660717 4.85665275436 -89.2623899678
7.97054276703 4.8166141608 -89.2596899579
7.97106511301 4.77666390761 -89.2209633971
7.9716076777 4.7367755581 -89.2205403451
7.97215491197 4.69672630705 -89.2114668125
7.97272033716 4.65677611157 -89.1738944352
7.97329599588 4.61688909844 -89.172067775
7.9738795059 4.57687150987 -89.146712261
7.9744898186 4.53688870213 -89.1243282256
7.97510120899 4.49698666458 -89.1146325036
7.97573091489 4.45703719734 -89.0739858114
7.97637829578 4.41700082958 -89.073062676
7.97702650529 4.37710907046 -89.063576749
7.97769933623 4.33715937691 -89.0279330776
7.97837954822 4.29712212302 -89.024760501
7.97906656071 4.2573173901 -88.9804309787
7.97977926746 4.21728184752 -88.9798102332
7.98049409093 4.17724242441 -88.9737976682
7.98122357592 4.13744647574 -88.9359356179
7.98196776747 4.09741209845 -88.9338967699
7.98271836554 4.05741134102 -88.9014547837
7.98349319315 4.01756556544 -88.8854390764
7.98427344505 3.97752923998 -88.8812036714
7.9850664277 3.93758440206 -88.8414905582
7.98587327859 3.89770116068 -88.8404175679
7.98668853447 3.85765344479 -88.8253725199
7.98752770947 3.8177049031 -88.7907344513
7.98837055711 3.77782061373 -88.7874552406
7.98922439603 3.73787746361 -88.7466109514
7.99010044587 3.69784485086 -88.746122768
7.99097718616 3.65794330729 -88.7333387686
7.99187774049 3.61800072965 -88.6958064164
7.99278979161 3.57796952447 -88.6935495569
7.99370221787 3.53814958384 -88.6609396336
7.99464438485 3.49814304978 -88.6506817821
7.99558936919 3.45809939748 -88.6415962983
7.9965464737 3.41830831362 -88.6023421653
7.99752347881 3.37827901442 -88.6010876051
7.9985032822 3.33825468639 -88.5913701144
7.99950182357 3.29845611562 -88.5583490115
8.00051048915 3.25842018568 -88.5524752187
8.00153209023 3.21847019711 -88.5073903917
8.00257135014 3.17859172884 -88.5068426874
8.00361671773 3.138560892 -88.5007268004
8.00468024113 3.09862197243 -88.4636544193
8.00575051441 3.05874444629 -88.4612031849
8.00683245401 3.01877830959 -88.4175301044
8.00794137022 2.97876283529 -88.4125653659
8.00904806882 2.93888292748 -88.4074302031
8.01017280759 2.89894632248 -88.3685909683
8.01131317188 2.85892144833 -88.3671704973
8.01245430062 2.81904522296 -88.3503853834
8.013623992 2.77909600078 -88.319591941
8.01479935217 2.73907113381 -88.3165722042
8.01597899033 2.69928581425 -88.2759210686
8.01718385758 2.65926204091 -88.2753156979
8.01839358983 2.61921949644 -88.2617132802
8.0196196942 2.57943488327 -88.2250601023
8.0208607209 2.53941191996 -88.222387924
8.02210613861 2.49947388713 -88.182308997
8.02337258729 2.45960532527 -88.1804187226
8.02464693332 2.41956759712 -88.1696245024
8.02593817161 2.37963592645 -88.1312008405
8.02723950639 2.33976601008 -88.1295893169
8.02854832441 2.29976647492 -88.1142875595
8.02988124041 2.25981283472 -88.0872822625
8.03121447795 2.2199300554 -88.0785191851
8.03230815893 2.18003921514 -88.8998347696
8.03307385038 2.14000420999 -88.9028455481
8.03384301308 2.10009882075 -88.8860987178
8.03464271467 2.06016886005 -88.8436368379
8.03545216299 2.0201337229 -88.8393077913
8.03627213881 1.98033531181 -88.7846030973
8.03712232652 1.94030284279 -88.7822652735
8.03797733634 1.90024627897 -88.7676103408
8.03885160067 1.86046358186 -88.7255960444
8.03974280788 1.820432385 -88.7237981317
8.04063782861 1.78052227053 -88.735982847
8.04125901879 1.74086733752 -89.2782921901
8.04176577993 1.70081482079 -89.2685586562
8.04229332022 1.66085824871 -89.2236055314
8.04283477757 1.62097093276 -89.2208831364
8.04338440341 1.58092169475 -89.2000826434
8.04396318422 1.54096767958 -89.1652276854
8.0445457819 1.50107939741 -89.1608204299
8.04514693993 1.46112303369 -89.1069842139
8.04577184592 1.42108573667 -89.1045382267
8.04639922273 1.38117514193 -89.0893009218
8.0470555962 1.34124425111 -89.0452742545
8.04772383772 1.30120891464 -89.042311941
8.04839948337 1.26139746811 -88.9891541816
8.04910865356 1.22136880653 -88.9839998262
8.0498083549 1.1811870144 -89.1784060653
8.05002887843 1.14120191229 -89.8793852062
8.050113663 1.1011620124 -89.8782450659
8.05020253868 1.06112379778 -89.8617175519
8.05030240279 1.02124206484 -89.8552604729
8.05040448617 0.98120069803 -89.8521220321
8.0505173006 0.941175807474 -89.8288133876
8.05063719836 0.90128479178 -89.8264012323
8.05076172154 0.861227030154 -89.8120543865
8.05090130569 0.821219029014 -89.7964027124
8.05104422439 0.78132913483 -89.7934001709
8.05119738069 0.741307237704 -89.7641015015
8.05136327179 0.701265644204 -89.7612379111
8.05153173486 0.661360430794 -89.7509352001
8.05171754062 0.621355474524 -89.7258659437
8.05191010248 0.581315356103 -89.7232908911
8.05210894307 0.541434761137 -89.6944735083
8.0523271979 0.50140683807 -89.6862144082
8.05254789991 0.461364451326 -89.6816932167
8.05278364518 0.421504915545 -89.6467734623
8.05303116288 0.381463897181 -89.6445779971
8.05328350958 0.341404112146 -89.6263292721
8.05355620041 0.301564358171 -89.6040770262
8.05383400878 0.261524696036 -89.6009959237
8.05412428676 0.221522268469 -89.561447023
8.05443019859 0.181630026592 -89.5597048306
8.0547404017 0.141570176141 -89.5468105879
8.0550718151 0.101590035035 -89.5160390653
8.05539750346 0.0631744170934 -89.5125509919
8.05574329721 0.0275618097179 -89.2462853544
8.05598802178 0.00334770873008 -89.4815982806
8.05613368004 -0.0128304711996 -89.4839220929
8.05622143162 -0.0225579644428 -89.4818418283
8.05626240453 -0.0270793989262 -89.4798667548
8.05628648463 -0.0297280999798 -89.4787502853
8.05630933286 -0.0322337205922 -89.4770715106
8.05630886065 -0.0322452331476 -89.4765061679
8.05630886028 -0.0322452333267 -89.476507666
8.05630706622 -0.0324129438051 -90.6047490273
8.05629250819 -0.0327695718589 -92.9759803232
8.05625193985 -0.0332295913917 -96.0133695304
8.05618590493 -0.0336910876095 -99.4053178407
8.05609991412 -0.0340872683932 -103.862725023
8.05604091306 -0.0342778746663 -108.226709406
8.05590477603 -0.0345958909651 -112.825656878
8.05543930288 -0.0355287250383 -118.856001036
8.05492596989 -0.0363390671472 -124.922000022
8.05433681935 -0.0370797115325 -131.016937766
8.05367280152 -0.0377532471289 -137.111367811
8.05310291435 -0.0382202502289 -143.10566202
8.05255746059 -0.0385816685113 -148.387174114
8.05237973866 -0.0386661934145 -152.765174483
8.05175869143 -0.0389498233799 -157.142353086
8.05083452354 -0.0393053368305 -159.981490491
8.05036329113 -0.0394588139977 -163.018095897
8.04991204882 -0.0395783168124 -166.052322069
8.04945628492 -0.0396741340147 -169.098949599
8.04920300862 -0.0397163679883 -170.823183203
8.04897753392 -0.0397474954877 -172.339333358
8.04876387275 -0.0397714677837 -173.856713445
8.0487544767 -0.0397722528221 -173.958282545
8.04875448734 -0.039772273628 -173.958276544
8.04762563427 -0.0398918374919 -173.957576806
8.04105726376 -0.0405874598075 -173.952463905
8.02954682346 -0.04180770892 -173.945250264
8.01469044291 -0.043385346018 -173.928865877
7.99788182566 -0.0452240365858 -173.599715865
7.97938514381 -0.0472996456054 -173.595083111
7.96079714439 -0.0492917402205 -174.481687942
7.94152115499 -0.0509021483902 -175.919733223
7.9186749718 -0.0522380081135 -177.335373534
7.8948381946 -0.0530876698058 -178.381237627
7.87081178298 -0.0537688908316 -178.371984058
7.84688971998 -0.0544495308706 -178.369179795
7.82288521161 -0.055133740554 -178.364590324
7.79905082847 -0.0558336563776 -178.293142985
7.77269475095 -0.0566002875747 -178.360854901
7.74222335479 -0.0574719848682 -178.360631642
7.70801805534 -0.058458335349 -178.310845708
7.67126377615 -0.0595731868189 -178.251932889
7.63161369246 -0.0607801002554 -178.256169651
7.59168137362 -0.0620072811954 -178.217947183
7.55180672081 -0.0632486624859 -178.215613884
7.51179202064 -0.0644962378516 -178.211661936
7.47185523761 -0.0657635484707 -178.176207338
7.43198292364 -0.067034384597 -178.173169128
7.39205469734 -0.0683150132065 -178.13463722
7.35203107175 -0.0696190241997 -178.132775794
7.3021314406 -0.0712475622309 -178.12577256
7.26219051078 -0.0725748191916 -178.092620644
7.22232046947 -0.0739040261332 -178.089715981
7.18239377854 -0.0752443631791 -178.051108813
7.14237229945 -0.0766067977511 -178.049185982
7.10250734164 -0.0779655903457 -178.046477676
7.06257696432 -0.0793460286511 -178.009043859
7.02255976089 -0.0807377725498 -178.006653438
6.98277683415 -0.0821264032943 -177.971564496
6.94276672011 -0.0835463799066 -177.966628348
6.90275166725 -0.0849682867057 -177.96408034
6.86297497945 -0.0863963165295 -177.925787602
6.82295923557 -0.0878461815905 -177.923759922
6.78296455205 -0.089297297191 -177.914737728
6.72818357652 -0.0913194341873 -177.882745894
6.68815044991 -0.0927224678384 -178.414423606
6.64806536524 -0.0936430090045 -178.717140248
6.60818428142 -0.0945368023521 -178.714695229
6.56831556183 -0.095363384281 -179.100254005
6.52827282885 -0.0959859304254 -179.108191854
6.48838663575 -0.0966079118132 -179.105923062
6.44840226882 -0.0972409370526 -179.084674075
6.40836342103 -0.0978818175814 -179.081220268
6.36850863895 -0.0985220596181 -179.068696497
6.32849410926 -0.0991793835495 -179.057938739
6.28845737267 -0.0998390011699 -179.054691994
6.24862607982 -0.100502862507 -179.033398845
6.20858674321 -0.101179372319 -179.030267574
6.16855603384 -0.101857774605 -179.027182813
6.12871867306 -0.102545934388 -179.005761885
6.08868349022 -0.103241551883 -179.003071004
6.04870631355 -0.10394151585 -178.980549586
6.0088176494 -0.104652060817 -178.978194932
5.96878376057 -0.105367098782 -178.975620367
5.92880299129 -0.106092125348 -178.95318715
5.88873493646 -0.106583742391 -179.678356871
5.84873686431 -0.106810098926 -179.661428531
5.80869723702 -0.107048510143 -179.65780318
5.76880579298 -0.107288085676 -179.65446193
5.72877033658 -0.107268848923 179.79384465
5.68877097476 -0.107117165289 179.774345315
5.64886776742 -0.106958826256 179.766049645
5.60873305575 -0.106690461679 179.106837856
5.56882886778 -0.105903274582 178.833325139
5.52891264353 -0.105085241662 178.815674202
5.48900384923 -0.104248507519 178.759178307
5.44896781693 -0.103380286165 178.754017634
5.40905555742 -0.102503908239 178.736796448
5.3691489307 -0.101598041428 178.681513806
5.32908182842 -0.10067254498 178.664337589
5.28930180285 -0.0997395203959 178.616198063
5.24929396855 -0.0987661584602 178.60366209
5.20922787011 -0.0977820226307 178.585495063
5.169474084 -0.0967808543369 178.529460158
5.12941693925 -0.0957508849689 178.515354023
5.08450707282 -0.0945804277544 178.475737364
5.04453060942 -0.0935021273631 178.451480984
5.00461697334 -0.0924162236423 178.433402132
4.96471587567 -0.0913074913475 178.377171492
4.92467049683 -0.0901717260398 178.366443487
4.88478630086 -0.0890283210864 178.351771616
4.84487904304 -0.0878508088772 178.299853662
4.80481864313 -0.0866567121045 178.282184953
4.76506893064 -0.0854537644249 178.225552415
4.72504333969 -0.084212777621 178.22085317
4.68498890545 -0.0829603133125 178.203537098
4.64524253266 -0.0816885977747 178.148089807
4.60518657357 -0.0803903683484 178.131281985
4.56525798665 -0.0790826136682 178.086808142
4.52541999261 -0.0777425445005 178.070586184
4.48536523255 -0.0763859844258 178.052681748
4.44547258492 -0.0750107941758 177.996569526
4.4055798126 -0.0736138366462 177.983672659
4.36556629273 -0.0722004022188 177.968833271
4.32566189715 -0.0707565703571 177.919414807
4.28576060038 -0.069301620489 177.901841146
4.24587039444 -0.0678279887708 177.845252567
4.20585194118 -0.0663213353667 177.839982247
4.16595916299 -0.0648085488388 177.82330052
4.12607190842 -0.0632661134124 177.768098459
4.08602562098 -0.0617019181059 177.751274042
4.04627138928 -0.0601349610633 177.700864633
4.00627836255 -0.0585239221491 177.690614342
3.9662343514 -0.0569015394525 177.67293818
3.9265016984 -0.0552668727757 177.616962246
3.88646435674 -0.0535988817883 177.602214909
3.84647605072 -0.051920628973 177.585303885
3.80672222361 -0.0502176181718 177.539994978
3.76668200824 -0.0484916784955 177.522496933
3.72680291173 -0.0467526316425 177.465992113
3.68701116142 -0.0450684901174 178.007356314
3.64712001787 -0.0438267609602 178.242120238
3.6072170414 -0.0425744378675 178.189182551
3.56738380341 -0.041453665496 178.651699939
3.52747531727 -0.0405043891661 178.594425674
3.48744624527 -0.0395212256244 178.591016966
3.44753498712 -0.0385320659762 178.573212637
3.40760053181 -0.0375196210273 178.533500793
3.36754674394 -0.0364932524971 178.520830002
3.32773562541 -0.0354592061925 178.480783013
3.2877579685 -0.0343847468875 178.457449868
3.24769723256 -0.0333005319687 178.43977214
3.20794506299 -0.0322000236517 178.383255318
3.16791379196 -0.0310692806185 178.377966232
3.12781395835 -0.030103190524 178.791968737
3.08804120152 -0.0292360933995 178.743765476
3.04797542402 -0.0283543999278 178.726749893
3.00806656908 -0.0274549405007 178.669554677
2.96818552533 -0.0265278855487 178.666329522
2.92812282145 -0.0255878200908 178.647927564
2.88821671357 -0.0246194212267 178.592455022
2.84831118875 -0.0236375401497 178.578561764
2.80838107493 -0.0226390963846 178.525390922
2.76837063624 -0.0216035583397 178.515471152
2.72845918441 -0.020563735285 178.497713173
2.68855597611 -0.0194970022353 178.441268986
2.64852309621 -0.0184068371575 178.435658988
2.60864134237 -0.017308860361 178.410379551
2.56871859982 -0.0161736812039 178.364399451
2.5286608963 -0.0150263115966 178.347351415
2.48890925823 -0.0138657429315 178.290261589
2.44888479595 -0.0126702330659 178.286851193
2.40883085609 -0.011464634964 178.26842918
2.36908126284 -0.0102354704442 178.213393062
2.32902982004 -0.00898446089527 178.198019246
2.28912220862 -0.00772111678862 178.141818753
2.2492582368 -0.00642536463833 178.1365534
2.20920508517 -0.00511637858183 178.118834096
2.1695235293 -0.00385490897729 178.373765448
2.12964158913 -0.00272182284643 178.367196158
2.08969556201 -0.00169280745762 178.8959291
2.04967223062 -0.000923397935738 178.897254213
2.00975445221 -0.000151267745809 178.880270543
1.96984367833 0.000646117844917 178.823318604
1.92988194236 0.00139078567458 179.289067081
1.8900112627 0.0018220563734 179.376602558
1.85007149535 0.00225908892302 179.530775086
1.81008407659 0.00236120466286 179.909559396
1.77020765917 0.00242942189339 179.894334121
1.73019539491 0.0024876800924 -179.921578752
1.6903296445 0.00210718626558 -179.308796624
1.65050494276 0.00158737080767 -178.944866416
1.61050918373 0.000727390247009 -178.74281365
1.57077956093 -0.000222807364432 -178.336360552
1.53090200074 -0.00138878145326 -178.324127263
1.49093040756 -0.00256104895356 -178.302961183
1.4509095587 -0.00374790494474 -178.29897416
1.41103819476 -0.00493276952301 -178.296809633
1.37108839764 -0.00613671667954 -178.244458387
1.33106288598 -0.00736477068224 -178.241472569
1.29120846762 -0.00858921874881 -178.233676024
1.25126411113 -0.00984252536046 -178.198985451
1.21124371726 -0.0111018174961 -178.197004608
1.17146669998 -0.0123641316999 -178.152924564
1.13142374827 -0.0136615832958 -178.14213942
1.09140793773 -0.014960329988 -178.139768437
1.05163153475 -0.0162725208688 -178.100046917
1.01161159993 -0.0176011652949 -178.097578714
0.971687432635 -0.0189324258922 -178.057346746
0.931796527157 -0.0202931912118 -178.042461838
0.891781091046 -0.0216615745913 -178.040815294
0.851859447642 -0.0230431759685 -178.000421509
0.811990338903 -0.0244360904064 -177.997827103
0.77200267993 -0.0258354586572 -177.985311779
0.732031529907 -0.0272655131495 -177.943497151
0.692167310553 -0.0286977909785 -177.941601407
0.652247252281 -0.0301434708683 -177.899751699
0.61223226016 -0.031610883437 -177.898584691
0.572373490616 -0.0330744646589 -177.895499475
0.532429354468 -0.0345667401146 -177.8444877
0.492416281092 -0.0360736907123 -177.842095429
0.452649978889 -0.037577723411 -177.801168794
0.412636421196 -0.039114913058 -177.799233345
0.372591871056 -0.0405777299668 -178.261238036
0.332751762776 -0.0417287113236 -178.345128265
0.292725553832 -0.0428861593054 -178.342311424
0.25274050582 -0.0440447467926 -178.326741728
0.212885094531 -0.0452153492992 -178.31661923
0.172862680647 -0.0463922983254 -178.314679007
0.132895710714 -0.0475759427832 -178.290242315
0.0930222259335 -0.0487656134684 -178.288443787
0.0530048307067 -0.0499621051572 -178.285823913
0.0130324097297 -0.0511708632113 -178.264427737
-0.0268406275933 -0.0523799709224 -178.262002742
-0.0668063425654 -0.0535972942491 -178.238869737
-0.106831216693 -0.0548284841979 -178.236898699
-0.146700641888 -0.0560563328706 -178.235257597
-0.186665176024 -0.0572987427961 -178.212307361
-0.226600413929 -0.0586435130303 -177.645742761
-0.266416498211 -0.0602856881666 -177.624490103
-0.306402923516 -0.0619507761819 -177.614634085
-0.346407433959 -0.0636178545918 -177.612950498
-0.386205562597 -0.0652847862905 -177.588712614
-0.426211082226 -0.0669687800466 -177.587040615
-0.466210510439 -0.0686550683195 -177.584310963
-0.506013934823 -0.07034680265 -177.56297809
-0.546018418503 -0.0720501831976 -177.560880465
-0.58596601246 -0.0737565764767 -177.537153254
-0.625821126595 -0.075470923475 -177.53596523
-0.665822148463 -0.0771928410217 -177.534431826
-0.705766789531 -0.0789241267695 -177.511418757
-0.745621572264 -0.0806572490405 -177.508867492
-0.785575459398 -0.0823975097935 -177.489121965
-0.825568137767 -0.0841546681686 -177.483372174
-0.865418639225 -0.0859067616617 -177.481767979
-0.905361730358 -0.0876719869702 -177.458135818
-0.945364033736 -0.0894474674021 -177.456004391
-0.985207408063 -0.0912184779766 -177.452389418
-1.02515899978 -0.0930085541947 -177.431930337
-1.06515909448 -0.0948033623794 -177.42995247
-1.10468055154 -0.0965518183186 -177.741632718
-1.14447853965 -0.0979981013769 -177.939301602
-1.18449006298 -0.0994385635519 -177.937514644
-1.22406979516 -0.100684701579 -178.300472026
-1.26409472902 -0.101873391774 -178.298026206
-1.30402380507 -0.102954380245 -178.722920628
-1.34390617635 -0.103843922422 -178.721062721
-1.3839357085 -0.104738192904 -178.719686038
-1.42374050908 -0.105528232069 -179.294899658
-1.46350608099 -0.105982727435 -179.348434298
-1.50349266444 -0.106439382853 -179.327766554
-1.54331775342 -0.106644853625 -179.860197655
-1.58320896696 -0.106743170983 -179.858075771
-1.62321412095 -0.106863447286 -179.603079002
-1.66298566813 -0.107622979288 -178.172122221
-1.70259280915 -0.109433970372 -176.391364177
-1.74202248299 -0.112959064975 -173.403786337
-1.78158325069 -0.118243063448 -171.959489529
-1.82121535972 -0.123428933006 -173.270157528
-1.86108978372 -0.127590684233 -174.814136236
-1.90099721889 -0.131086143348 -175.018935009
-1.94066530954 -0.134549914078 -174.997376243
-1.9805557796 -0.138042335759 -174.995664971
-2.02043974287 -0.141535589706 -174.99295745
-2.06021811193 -0.144890475867 -175.679704502
-2.1001627823 -0.147841050877 -175.781199114
-2.13999535435 -0.150788649565 -175.735078104
-2.17978237117 -0.153757342189 -175.731664387
-2.21970886158 -0.156738330355 -175.728821841
-2.25961391743 -0.15970559078 -176.025838319
-2.2995528788 -0.162085971987 -176.793915152
-2.33942680085 -0.1643249643 -176.752070821
-2.37942663619 -0.166601719998 -176.739093466
-2.41925085237 -0.16887166067 -176.736745079
-2.45914059694 -0.171164569745 -176.684903563
-2.4991163726 -0.173481200546 -176.682464415
-2.53890311636 -0.175788835894 -176.666414807
-2.57886397176 -0.178122157746 -176.812924156
-2.61901360267 -0.179908405955 -177.76521833
-2.65877716149 -0.181473327667 -177.724946164
-2.69878675832 -0.183062851877 -177.723596273
-2.73878455386 -0.184654024446 -177.718059621
-2.77855064748 -0.186068110734 -178.350359123
-2.81857708102 -0.187222641284 -178.346067022
-2.85849150441 -0.188385386072 -178.30282714
-2.89839558394 -0.189575004302 -178.287716922
-2.93849604603 -0.190549954014 -179.030828016
-2.9784444012 -0.19124484692 -178.995611697
-3.01833055457 -0.191945131213 -178.992690375
-3.05830701555 -0.19265173455 -178.96993555
-3.09834532932 -0.193372470327 -178.967417273
-3.13822874429 -0.194092189703 -178.965159063
-3.17820904286 -0.194823998835 -178.941987983
-3.21824411417 -0.195563294812 -178.939181932
-3.25808381631 -0.196302485886 -178.920633414
-3.29807476828 -0.19706943442 -178.899849108
-3.33810884134 -0.197839443707 -178.897024008
-3.37790333772 -0.198616702379 -178.859694236
-3.41794076717 -0.199414735696 -178.856681358
-3.457967182 -0.200214482565 -178.852988504
-3.49776789406 -0.20103140856 -178.817525011
-3.53780184885 -0.201858928348 -178.814431063
-3.57774280508 -0.20269239845 -178.776570841
-3.61762951278 -0.203544850883 -178.774324128
-3.65765956159 -0.204402494341 -178.771739789
-3.69760543478 -0.20527567165 -178.733948703
-3.73748752999 -0.206157738122 -178.731503153
-3.77745766928 -0.207045275678 -178.705796852
-3.81725546525 -0.207712161117 -179.177836109
-3.85714292442 -0.208285790709 -179.175366632
-3.89718145386 -0.208551176279 -179.816323613
-3.93722597638 -0.208680451339 -179.812834859
-3.97710481713 -0.208811453785 -179.807362871
-4.01712951302 -0.208951411892 -179.797798103
-4.0571716642 -0.209094051821 -179.794772925
-4.09702893428 -0.209240454009 -179.781438902
-4.13707483238 -0.209394204302 -179.778099986
-4.17711392158 -0.20955025791 -179.775769207
-4.21697468482 -0.209713330758 -179.761500648
-4.25701747519 -0.209881284013 -179.758122178
-4.29702167977 -0.210052345499 -179.743759154
-4.33699289275 -0.2102150952 -179.992501029
-4.37707121061 -0.209982367016 179.601865391
-4.41714144969 -0.209696631922 179.584648404
-4.45696646791 -0.209395285178 179.557793718
-4.49701116628 -0.20908577041 179.554045073
-4.53700380195 -0.20877074604 179.528921771
-4.57687771145 -0.208438883036 179.522342936
-4.61692410761 -0.208103497167 179.516419127
-4.65689508177 -0.207755781442 179.487196686
-4.69678769119 -0.207398645503 179.485038273
-4.73683340975 -0.207034188589 179.471519461
